Instance1.dat 2356.94 1102.2 7.7
Instance2.dat 21135.03 1871.1 36.3
Instance3.dat 3827 1210 18.7
Instance4.dat 13987.1 2422.2 18.7
Instance5.dat 275096 6630.8 60.5
Instance6.dat 661830.92 9402.8 97.9
Instance7.dat 1108591.84 9511.7 145.2
Instance8.dat 1925916.06 12525.7 217.8
Instance9.dat 2800.12 551.1 57.2
Instance10.dat 2105092.20 18018 169.4
Instance11.dat 3528202.60 24541 178.2
Instance12.dat 7966704.40 24104.3 407
Instance13.dat 35363026.94 70211.9 732.6
Instance14.dat 2949330.17 13803.9 256.3
Instance15.dat 10342844.60 26455 597.3
Instance16.dat 1208233.60 14141.6 137.5
Instance17.dat 3928741.96 24806.1 226.6
Instance18.dat 1860683.16 14017.3 222.2
Instance19.dat 62286224.40 227471.4 599.5
Instance20.dat 20061378.64 37976.4 688.6
Instance21.dat 372456594.88 133269.4 5502.2
Instance23.dat 5168270616.7 623084 13845.7
